************************************************** 41 **************************************************
n = 9, k = 4, c = 41, S = 51, a = 25, vertices = 126, degree = 5, limit = 130
Partition 50, into exactly 16 parts
Selected 3 out of 11098 total partitions

[35, 1, 1, 1, 1, 1, 1, 1, 1, 1, 1, 1, 1, 1, 1, 1]
[34, 2, 1, 1, 1, 1, 1, 1, 1, 1, 1, 1, 1, 1, 1, 1]
[33, 2, 2, 1, 1, 1, 1, 1, 1, 1, 1, 1, 1, 1, 1, 1]
Time = 3.01396 seconds
************************************************** 42 **************************************************
n = 9, k = 4, c = 42, S = 52, a = 26, vertices = 126, degree = 5, limit = 130
Partition 48, into exactly 16 parts
Selected 4 out of 7665 total partitions

[33, 1, 1, 1, 1, 1, 1, 1, 1, 1, 1, 1, 1, 1, 1, 1]
[32, 2, 1, 1, 1, 1, 1, 1, 1, 1, 1, 1, 1, 1, 1, 1]
[31, 2, 2, 1, 1, 1, 1, 1, 1, 1, 1, 1, 1, 1, 1, 1]
[30, 2, 2, 2, 1, 1, 1, 1, 1, 1, 1, 1, 1, 1, 1, 1]
Time = 1.74090 seconds
************************************************** 43 **************************************************
n = 9, k = 4, c = 43, S = 53, a = 27, vertices = 126, degree = 5, limit = 130
Partition 46, into exactly 16 parts
Selected 6 out of 5231 total partitions

[31, 1, 1, 1, 1, 1, 1, 1, 1, 1, 1, 1, 1, 1, 1, 1]
[30, 2, 1, 1, 1, 1, 1, 1, 1, 1, 1, 1, 1, 1, 1, 1]
[29, 2, 2, 1, 1, 1, 1, 1, 1, 1, 1, 1, 1, 1, 1, 1]
[28, 2, 2, 2, 1, 1, 1, 1, 1, 1, 1, 1, 1, 1, 1, 1]
[27, 2, 2, 2, 2, 1, 1, 1, 1, 1, 1, 1, 1, 1, 1, 1]
[26, 6, 1, 1, 1, 1, 1, 1, 1, 1, 1, 1, 1, 1, 1, 1]
Time = 1.19191 seconds
************************************************** 44 **************************************************
n = 9, k = 4, c = 44, S = 54, a = 28, vertices = 126, degree = 5, limit = 130
Partition 44, into exactly 16 parts
Selected 13 out of 3523 total partitions

[29, 1, 1, 1, 1, 1, 1, 1, 1, 1, 1, 1, 1, 1, 1, 1]
[28, 2, 1, 1, 1, 1, 1, 1, 1, 1, 1, 1, 1, 1, 1, 1]
[27, 2, 2, 1, 1, 1, 1, 1, 1, 1, 1, 1, 1, 1, 1, 1]
[26, 2, 2, 2, 1, 1, 1, 1, 1, 1, 1, 1, 1, 1, 1, 1]
[25, 2, 2, 2, 2, 1, 1, 1, 1, 1, 1, 1, 1, 1, 1, 1]
[24, 6, 1, 1, 1, 1, 1, 1, 1, 1, 1, 1, 1, 1, 1, 1]
[24, 2, 2, 2, 2, 2, 1, 1, 1, 1, 1, 1, 1, 1, 1, 1]
[23, 7, 1, 1, 1, 1, 1, 1, 1, 1, 1, 1, 1, 1, 1, 1]
[23, 6, 2, 1, 1, 1, 1, 1, 1, 1, 1, 1, 1, 1, 1, 1]
[22, 8, 1, 1, 1, 1, 1, 1, 1, 1, 1, 1, 1, 1, 1, 1]
[21, 9, 1, 1, 1, 1, 1, 1, 1, 1, 1, 1, 1, 1, 1, 1]
[21, 8, 2, 1, 1, 1, 1, 1, 1, 1, 1, 1, 1, 1, 1, 1]
[20, 10, 1, 1, 1, 1, 1, 1, 1, 1, 1, 1, 1, 1, 1, 1]
Time = 0.83876 seconds
************************************************** 45 **************************************************
n = 9, k = 4, c = 45, S = 56, a = 27, vertices = 126, degree = 5, limit = 145
Partition 43, into exactly 18 parts
Selected 39 out of 1928 total partitions

[26, 1, 1, 1, 1, 1, 1, 1, 1, 1, 1, 1, 1, 1, 1, 1, 1, 1]
[25, 2, 1, 1, 1, 1, 1, 1, 1, 1, 1, 1, 1, 1, 1, 1, 1, 1]
[24, 2, 2, 1, 1, 1, 1, 1, 1, 1, 1, 1, 1, 1, 1, 1, 1, 1]
[23, 2, 2, 2, 1, 1, 1, 1, 1, 1, 1, 1, 1, 1, 1, 1, 1, 1]
[22, 2, 2, 2, 2, 1, 1, 1, 1, 1, 1, 1, 1, 1, 1, 1, 1, 1]
[21, 6, 1, 1, 1, 1, 1, 1, 1, 1, 1, 1, 1, 1, 1, 1, 1, 1]
[21, 2, 2, 2, 2, 2, 1, 1, 1, 1, 1, 1, 1, 1, 1, 1, 1, 1]
[20, 7, 1, 1, 1, 1, 1, 1, 1, 1, 1, 1, 1, 1, 1, 1, 1, 1]
[20, 6, 2, 1, 1, 1, 1, 1, 1, 1, 1, 1, 1, 1, 1, 1, 1, 1]
[20, 2, 2, 2, 2, 2, 2, 1, 1, 1, 1, 1, 1, 1, 1, 1, 1, 1]
[19, 8, 1, 1, 1, 1, 1, 1, 1, 1, 1, 1, 1, 1, 1, 1, 1, 1]
[19, 7, 2, 1, 1, 1, 1, 1, 1, 1, 1, 1, 1, 1, 1, 1, 1, 1]
[19, 6, 2, 2, 1, 1, 1, 1, 1, 1, 1, 1, 1, 1, 1, 1, 1, 1]
[19, 2, 2, 2, 2, 2, 2, 2, 1, 1, 1, 1, 1, 1, 1, 1, 1, 1]
[18, 9, 1, 1, 1, 1, 1, 1, 1, 1, 1, 1, 1, 1, 1, 1, 1, 1]
[18, 8, 2, 1, 1, 1, 1, 1, 1, 1, 1, 1, 1, 1, 1, 1, 1, 1]
[18, 7, 2, 2, 1, 1, 1, 1, 1, 1, 1, 1, 1, 1, 1, 1, 1, 1]
[18, 6, 2, 2, 2, 1, 1, 1, 1, 1, 1, 1, 1, 1, 1, 1, 1, 1]
[18, 2, 2, 2, 2, 2, 2, 2, 2, 1, 1, 1, 1, 1, 1, 1, 1, 1]
[17, 10, 1, 1, 1, 1, 1, 1, 1, 1, 1, 1, 1, 1, 1, 1, 1, 1]
[17, 9, 2, 1, 1, 1, 1, 1, 1, 1, 1, 1, 1, 1, 1, 1, 1, 1]
[17, 8, 2, 2, 1, 1, 1, 1, 1, 1, 1, 1, 1, 1, 1, 1, 1, 1]
[17, 7, 2, 2, 2, 1, 1, 1, 1, 1, 1, 1, 1, 1, 1, 1, 1, 1]
[17, 6, 2, 2, 2, 2, 1, 1, 1, 1, 1, 1, 1, 1, 1, 1, 1, 1]
[17, 2, 2, 2, 2, 2, 2, 2, 2, 2, 1, 1, 1, 1, 1, 1, 1, 1]
[16, 11, 1, 1, 1, 1, 1, 1, 1, 1, 1, 1, 1, 1, 1, 1, 1, 1]
[16, 10, 2, 1, 1, 1, 1, 1, 1, 1, 1, 1, 1, 1, 1, 1, 1, 1]
[16, 9, 2, 2, 1, 1, 1, 1, 1, 1, 1, 1, 1, 1, 1, 1, 1, 1]
[16, 8, 2, 2, 2, 1, 1, 1, 1, 1, 1, 1, 1, 1, 1, 1, 1, 1]
[16, 7, 2, 2, 2, 2, 1, 1, 1, 1, 1, 1, 1, 1, 1, 1, 1, 1]
[16, 6, 6, 1, 1, 1, 1, 1, 1, 1, 1, 1, 1, 1, 1, 1, 1, 1]
[16, 6, 2, 2, 2, 2, 2, 1, 1, 1, 1, 1, 1, 1, 1, 1, 1, 1]
[15, 12, 1, 1, 1, 1, 1, 1, 1, 1, 1, 1, 1, 1, 1, 1, 1, 1]
[15, 11, 2, 1, 1, 1, 1, 1, 1, 1, 1, 1, 1, 1, 1, 1, 1, 1]
[15, 10, 2, 2, 1, 1, 1, 1, 1, 1, 1, 1, 1, 1, 1, 1, 1, 1]
[15, 9, 2, 2, 2, 1, 1, 1, 1, 1, 1, 1, 1, 1, 1, 1, 1, 1]
[15, 8, 2, 2, 2, 2, 1, 1, 1, 1, 1, 1, 1, 1, 1, 1, 1, 1]
[15, 7, 6, 1, 1, 1, 1, 1, 1, 1, 1, 1, 1, 1, 1, 1, 1, 1]
[15, 6, 6, 2, 1, 1, 1, 1, 1, 1, 1, 1, 1, 1, 1, 1, 1, 1]
Time = 0.57626 seconds
************************************************** 46 **************************************************
n = 9, k = 4, c = 46, S = 57, a = 30, vertices = 126, degree = 5, limit = 130
Partition 39, into exactly 16 parts
Selected 21 out of 1225 total partitions

[24, 1, 1, 1, 1, 1, 1, 1, 1, 1, 1, 1, 1, 1, 1, 1]
[23, 2, 1, 1, 1, 1, 1, 1, 1, 1, 1, 1, 1, 1, 1, 1]
[22, 2, 2, 1, 1, 1, 1, 1, 1, 1, 1, 1, 1, 1, 1, 1]
[21, 2, 2, 2, 1, 1, 1, 1, 1, 1, 1, 1, 1, 1, 1, 1]
[20, 2, 2, 2, 2, 1, 1, 1, 1, 1, 1, 1, 1, 1, 1, 1]
[19, 6, 1, 1, 1, 1, 1, 1, 1, 1, 1, 1, 1, 1, 1, 1]
[19, 2, 2, 2, 2, 2, 1, 1, 1, 1, 1, 1, 1, 1, 1, 1]
[18, 7, 1, 1, 1, 1, 1, 1, 1, 1, 1, 1, 1, 1, 1, 1]
[18, 6, 2, 1, 1, 1, 1, 1, 1, 1, 1, 1, 1, 1, 1, 1]
[18, 2, 2, 2, 2, 2, 2, 1, 1, 1, 1, 1, 1, 1, 1, 1]
[17, 8, 1, 1, 1, 1, 1, 1, 1, 1, 1, 1, 1, 1, 1, 1]
[17, 7, 2, 1, 1, 1, 1, 1, 1, 1, 1, 1, 1, 1, 1, 1]
[17, 6, 2, 2, 1, 1, 1, 1, 1, 1, 1, 1, 1, 1, 1, 1]
[17, 2, 2, 2, 2, 2, 2, 2, 1, 1, 1, 1, 1, 1, 1, 1]
[16, 9, 1, 1, 1, 1, 1, 1, 1, 1, 1, 1, 1, 1, 1, 1]
[16, 8, 2, 1, 1, 1, 1, 1, 1, 1, 1, 1, 1, 1, 1, 1]
[16, 7, 2, 2, 1, 1, 1, 1, 1, 1, 1, 1, 1, 1, 1, 1]
[16, 6, 2, 2, 2, 1, 1, 1, 1, 1, 1, 1, 1, 1, 1, 1]
[15, 10, 1, 1, 1, 1, 1, 1, 1, 1, 1, 1, 1, 1, 1, 1]
[15, 9, 2, 1, 1, 1, 1, 1, 1, 1, 1, 1, 1, 1, 1, 1]
[15, 8, 2, 2, 1, 1, 1, 1, 1, 1, 1, 1, 1, 1, 1, 1]
Time = 0.31437 seconds
************************************************** 47 **************************************************
n = 9, k = 4, c = 47, S = 58, a = 32, vertices = 126, degree = 5, limit = 121
Partition 36, into exactly 15 parts
Selected 13 out of 773 total partitions

[22, 1, 1, 1, 1, 1, 1, 1, 1, 1, 1, 1, 1, 1, 1]
[21, 2, 1, 1, 1, 1, 1, 1, 1, 1, 1, 1, 1, 1, 1]
[20, 2, 2, 1, 1, 1, 1, 1, 1, 1, 1, 1, 1, 1, 1]
[19, 2, 2, 2, 1, 1, 1, 1, 1, 1, 1, 1, 1, 1, 1]
[18, 2, 2, 2, 2, 1, 1, 1, 1, 1, 1, 1, 1, 1, 1]
[17, 6, 1, 1, 1, 1, 1, 1, 1, 1, 1, 1, 1, 1, 1]
[17, 2, 2, 2, 2, 2, 1, 1, 1, 1, 1, 1, 1, 1, 1]
[16, 7, 1, 1, 1, 1, 1, 1, 1, 1, 1, 1, 1, 1, 1]
[16, 6, 2, 1, 1, 1, 1, 1, 1, 1, 1, 1, 1, 1, 1]
[16, 2, 2, 2, 2, 2, 2, 1, 1, 1, 1, 1, 1, 1, 1]
[15, 8, 1, 1, 1, 1, 1, 1, 1, 1, 1, 1, 1, 1, 1]
[15, 7, 2, 1, 1, 1, 1, 1, 1, 1, 1, 1, 1, 1, 1]
[15, 6, 2, 2, 1, 1, 1, 1, 1, 1, 1, 1, 1, 1, 1]
Time = 0.17806 seconds
************************************************** 48 **************************************************
n = 9, k = 4, c = 48, S = 59, a = 34, vertices = 126, degree = 5, limit = 112
Partition 33, into exactly 14 parts
Selected 7 out of 478 total partitions

[20, 1, 1, 1, 1, 1, 1, 1, 1, 1, 1, 1, 1, 1]
[19, 2, 1, 1, 1, 1, 1, 1, 1, 1, 1, 1, 1, 1]
[18, 2, 2, 1, 1, 1, 1, 1, 1, 1, 1, 1, 1, 1]
[17, 2, 2, 2, 1, 1, 1, 1, 1, 1, 1, 1, 1, 1]
[16, 2, 2, 2, 2, 1, 1, 1, 1, 1, 1, 1, 1, 1]
[15, 6, 1, 1, 1, 1, 1, 1, 1, 1, 1, 1, 1, 1]
[15, 2, 2, 2, 2, 2, 1, 1, 1, 1, 1, 1, 1, 1]
Time = 0.10232 seconds
************************************************** 49 **************************************************
n = 9, k = 4, c = 49, S = 61, a = 37, vertices = 126, degree = 5, limit = 98
Partition 28, into exactly 12 parts
Selected 5 out of 224 total partitions

[17, 1, 1, 1, 1, 1, 1, 1, 1, 1, 1, 1]
[16, 2, 1, 1, 1, 1, 1, 1, 1, 1, 1, 1]
[15, 2, 2, 1, 1, 1, 1, 1, 1, 1, 1, 1]
[14, 2, 2, 2, 1, 1, 1, 1, 1, 1, 1, 1]
[10, 8, 1, 1, 1, 1, 1, 1, 1, 1, 1, 1]
Time = 0.04086 seconds
************************************************** 50 **************************************************
n = 9, k = 4, c = 50, S = 62, a = 39, vertices = 126, degree = 5, limit = 88
Partition 25, into exactly 11 parts
Selected 2 out of 131 total partitions

[15, 1, 1, 1, 1, 1, 1, 1, 1, 1, 1]
[14, 2, 1, 1, 1, 1, 1, 1, 1, 1, 1]
Time = 0.02229 seconds
************************************************** 51 **************************************************
n = 9, k = 4, c = 51, S = 63, a = 42, vertices = 126, degree = 5, limit = 73
Partition 21, into exactly 9 parts
Selected 1 out of 73 total partitions

[13, 1, 1, 1, 1, 1, 1, 1, 1]
Time = 0.01070 seconds
************************************************** 52 **************************************************
n = 9, k = 4, c = 52, S = 64, a = 45, vertices = 126, degree = 5, limit = 58
Partition 17, into exactly 7 parts
Selected 0 out of 38 total partitions


Time = 0.00521 seconds
************************************************** 53 **************************************************
n = 9, k = 4, c = 53, S = 66, a = 48, vertices = 126, degree = 5, limit = 42
Partition 12, into exactly 5 parts
Selected 1 out of 13 total partitions

[8, 1, 1, 1, 1]
Time = 0.00151 seconds

